ts1;1657.01533755845;1624.53728670476;1585.22298747525;1674.19528411022;1674.95508584042;1695.7598431891;1655.82305328611;1672.32714115659;1650.60573475188;1738.65621380536;1710.37802985431;1683.41802153606
ts2;751.451821275802;712.241651465191;720.558589004206;743.722838345065;726.890761646309;739.548509708799;744.333120124364;740.74038317062;752.16117655876;756.418571138069;758.655438829913;768.512030723515
ts3;797.125064409208;790.584188235441;792.898045667305;732.690150654734;773.346272119206;782.951732372321;749.658717852509;784.576004126839;786.650820793121;672.321332881325;637.252307827584;725.853344965946
ts4;938.088772905238;984.02289901027;1019.85091331609;993.553966692742;1000.5444949087;981.01469384878;989.564611908729;1044.51118533178;1095.8740660793;1117.32256405863;1106.10862716334;1066.77072786787
ts5;560.332972383297;564.249381515562;577.076350766406;566.641173475106;604.329117673134;580.958678835046;637.38861774863;635.713882464686;634.583760115692;691.642323126561;710.045034926478;739.101974302423
ts6;864.334294180148;864.382654715673;809.711356797126;804.511999027622;789.644974360977;857.317467298379;740.223136939962;751.408809256388;697.628425300441;698.795026917988;699.280252829299;668.441077042371
ts7;524.755409594344;543.714906812713;531.178173212911;527.644860754396;532.377585400227;546.417973397061;546.71589577253;543.172751015577;529.25083488547;539.874418111035;510.048829415891;532.071196591327
ts8;495.934748589171;503.592807161036;488.403229657511;491.530925775418;480.096799105401;489.003211606931;487.323240688638;487.918059605873;486.277895002043;503.359974688928;488.06019893169;494.047705208549
ts9;454.254347370217;478.437997991263;485.612746193918;474.54216687642;445.625632265789;435.525001207803;429.709252258763;494.972474100144;454.845206328353;464.838128496136;443.615260570313;444.54938791518
ts10;14.0618038875598;12.4135835030136;12.8381805073623;12.2857926246884;12.842877559401;11.3780714628112;11.9199378068728;11.908652804544;12.282388380786;10.33673487138;11.3434712673445;10.5167788008578
ts11;498.34002010549;506.090471660685;506.627082470908;512.916782922606;521.224425145917;515.568972967504;524.452456695383;526.233386993994;521.73929868213;518.924600155115;527.687657199203;525.53699542082
ts12;464.092706310858;450.753826645283;459.317109528381;476.920179277514;489.321539248606;476.995460509807;497.080485915031;482.57791329174;484.321849316617;480.948438225239;486.827288551955;475.309684916699
ts13;1111.34774405674;1004.80306367123;896.840011090877;1111.40429052667;1170.4479068001;1120.77407119442;966.495279536957;946.09143072989;996.457678667614;1103.83570130899;1002.2757720737;996.232198972369
ts14;1363.36755482205;1340.3925036913;1348.89605063116;1417.20935165546;1505.47254167608;1642.86020266797;1462.5502523972;1524.43338985246;1463.86821766188;1652.77495069477;1513.48316981779;1494.20703906395
ts15;1019.25990636822;1171.62466048602;1362.0164849269;1387.53274791391;1457.16925936333;1548.29099273434;1409.40468583681;960.2369354642;1142.95676508365;1046.53190785345;1070.61612416556;1242.4246085945
ts16;2170.0275379901;1737.35966786343;1595.03562422211;1777.8073406114;1937.9514079887;2003.80062004359;2067.11561681918;2162.98284654288;1921.38166638282;2011.73736995948;2034.3790557372;2211.36565759919
ts17;985.767857238189;805.842940957284;823.114013543196;904.952305256827;864.667575948572;872.947777864078;1127.54616595622;1008.49178379116;1068.45639666551;1143.92696741348;1049.10895336307;1131.66296498634
ts18;729.446750490944;903.186562298002;753.706163093971;1028.91373502098;860.454648432446;728.266941674164;640.081294556795;532.311628623866;838.046262377741;636.558422007524;691.585941014933;686.162930074645
ts19;1201.19741135436;1450.15308224282;1562.45977446483;1332.10199058589;1543.30526935158;1482.67208416637;1266.6434451698;1504.00869411821;1743.71396026078;1566.94191075067;1564.53432173318;1597.99735994402
ts20;1564.94849008366;1309.25841105278;1371.19347071013;1292.94306125543;1549.52571306217;1519.08413652948;1410.48632035503;1266.92433197392;1342.36686264443;1414.98383336632;1522.00945620463;1571.69426152846
ts21;212.620920083673;196.94326406142;132.24962523264;202.105430405257;210.383446700332;197.781330608163;160.875031389412;119.453148478203;197.967212206509;202.423474160008;119.157628645189;199.026114617906
ts22;153.33814205935;169.677251938898;166.564343664503;138.589832347397;165.479998756187;196.12410038596;150.887369822938;121.869366706815;180.733779017145;132.789685318657;155.056399339362;149.095389838245
ts23;242.744223839012;302.866298770434;311.850696782514;310.999806605555;282.456302843254;305.420334684527;265.472715648349;240.431724107846;246.953723708772;285.486387529384;245.580911583014;287.393933036705
ts24;191.735390580177;185.9843676653;187.748329947038;189.884569156572;210.464376213193;200.517416295885;189.205398858702;224.302713157713;179.812671181491;165.691113566322;168.761807117614;167.07120102634
ts25;1152.41185201891;1280.92807520033;1122.84970745207;1244.0912831575;1092.21804243753;1114.32690303632;1099.47404666007;1214.85873648996;1093.21087688564;1103.67878372513;1313.06853798893;1383.13860871307
ts26;918.665659335735;887.127955272401;929.108669258057;839.712448927635;862.281758236811;837.823506779843;944.391306838838;969.776854974867;863.979150483818;867.033243005415;876.864294123011;983.269709271263
ts27;925.412609266723;887.459178300593;971.992886217214;1099.07644021716;819.085037332018;821.807756309235;906.151128677284;854.788982832161;865.930665818678;795.784922221036;962.763392681409;678.029426136054
ts28;1504.79916470223;1912.18978976678;1800.9699840486;1996.59837468185;1871.08639573295;1981.56286975516;2051.748789572;1708.78297065202;1805.71436607431;2098.15567261153;2156.21499690648;2014.04851306864
ts29;735.945508392236;722.226074688231;794.283288220633;904.324239750657;825.346739901974;843.880580540585;868.946970920759;969.808819091538;930.708394960738;974.205512350232;1049.00206140271;979.780285576697
ts30;460.792738501881;348.807389833868;494.872296480076;377.104771500778;385.637265568502;491.332595006976;442.685884140167;486.995008942781;396.292954810786;332.553595642094;401.408750211837;345.257462781454
ts31;320.949807678873;328.788584861394;333.690338148358;344.895560654239;346.300988892054;335.634884744324;318.806673482993;376.296783246513;323.859838884003;334.710856106895;365.247905879407;332.994430384565
ts32;702.895994737465;729.166105936083;728.37057424574;808.626856675578;767.333050955778;714.601642483927;701.63891465599;735.763117744603;818.75845292371;729.289410563439;724.570714177389;761.321491001964
ts33;927.421603155786;699.062344379724;747.329919738938;618.21425493617;785.170636239128;659.445990270807;648.540565703096;684.873725380788;696.564466373228;647.004689611559;686.860072641824;723.437058265424
ts34;949.711922729093;1310.0227457161;1132.50412338481;1215.19863506716;885.698398070921;1044.11490828773;982.686130135381;962.362496324552;1118.20948388063;1004.22482576149;1013.92706003519;836.309364761692
ts35;402.11252216829;430.146821927942;409.976412294228;368.103316806291;426.378205333477;431.603771408008;379.19177805214;433.310160983938;442.550213772219;391.258062791258;393.517155610323;428.481794580876
ts36;562.029889709034;497.73237910318;466.148670405806;485.632143540363;478.379591656692;489.749316778256;471.123641630745;508.11257670821;550.14564596881;493.352047886706;588.507176532456;544.917390906844
ts37;2111.35151439129;2286.37230767868;1635.20537734613;1899.05327157217;1676.05774357719;2200.50016164731;1660.51553734124;2447.94229935224;2128.68619494153;2489.22803171154;2063.46032408528;2386.01734466966
ts38;328.963038868539;398.971978148659;363.543946601697;355.465936573382;442.628101618064;379.985084550619;428.487564338433;398.014771720927;359.717704746518;331.859357506748;399.291751101907;390.987397412095
ts39;1148.53109743496;2009.66616753804;1788.11218575138;1837.29251988679;1692.06568762872;1280.23922474183;1569.74404429003;1169.16770594514;1749.4284784537;899.239461089019;1162.08312949813;1986.88847086779
ts40;901.439593823061;977.784640938451;1195.44736499848;1097.36920827246;975.83203191439;1064.70050961995;1324.85364916431;1076.91356280655;1328.48904364725;1193.23794254473;1090.03152613107;1294.29866915884
ts41;54.5242910030527;42.167262595975;46.8681255906611;52.5950909827677;43.1865111321993;42.5414489395821;49.7880801708392;61.5781543314965;56.2166008238353;57.2704479928577;53.7515222128224;61.9228929748719
ts42;762.550846162161;714.999242471202;1113.96248377925;622.122514510993;982.228130561428;1005.74168336809;971.777012760006;1066.45094686795;782.257045602175;665.039803383555;984.490551130169;713.858696362826
ts43;521.920049002363;459.506820082198;420.656845676278;506.006684924915;402.719324919173;466.166377432808;554.759651620603;495.661044558349;436.377790293264;424.054311550795;478.585217011294;410.751178748805
ts44;126.637512544072;124.336443127269;123.608839652136;120.49246770021;112.711760443009;111.486115755277;110.940303563965;109.428652511293;118.729084001143;130.241600781024;123.330518603164;122.451932879504
ts45;1258.36851280935;1979.95433818499;1383.39261074218;1136.73394232406;1836.42082515134;1289.33974208927;1574.13766613992;1458.11776399058;1833.172403121;975.846444524012;1517.081102165;935.064952392131
ts46;1580.84875709871;831.837161461265;1111.36001536846;1304.60907433389;1146.29538876876;761.169956095982;1176.77536377328;1100.52099640585;1142.98107013336;1284.13236961007;941.286368152688;1014.41786536071
ts47;582.779314398884;524.978818710309;570.808601715847;611.212473991517;588.53031913461;515.624445845478;617.340346056822;579.518638001107;617.793931026182;575.633241358655;579.229000422929;533.164874903728
ts48;1943.16537682235;1873.29415835058;1962.18105187865;2316.80507588928;2340.51004940984;2745.24892572622;2690.19809988306;2316.23118314168;2442.93763982152;2140.73948517336;1723.72781618529;2579.38541868214
ts49;0.9019497739;0.9383711304;0.944723084;0.9507707477;0.9476938791;1
ts50;0.8976634859;0.8734695268;0.8948842183;0.8910499394;0.9080331639;0.9199988287
ts51;4408740.54;4455120.5;4244708.21;4059343.61;3695581.21;3730156.86;4186041.77;3719625.36;3990046.1;3951788.59;4243524.63;3655165.15
ts52;1736103.9;3465023.44;3192774.96;2512818.37;2077902.4;2146829.34;2887984.54;1739094.21;2550025.16;1824508.06;2521552.99;1769356.99
ts53;10186;10190;10156;10145;10141;10165;10194;10269;10288;10310;10308;10302
ts54;1482894242.18001;1482894242.18001;1495400233.51;1495043054;1495251046.68;1494097647.51001
ts55;1482894242.18001;1482894242.18001;1495400233.51;1495043054;1495251046.68;1494097647.51001
ts56;114;109;177;200;214;227
ts57;7141;5847;4138;4045;4228;3174
ts58;462;308;361;541;474;325
ts59;33358;33683;38150;28430;33968;31777;33646;31759;33706;32592;28627;26123
ts60;73658;61547;55399;70902;58200;58203
ts61;3509;3843;3138;3015;3211;2272;2983;2763;2605;2304;2239;2677
ts62;369;370;233;218;213;210;211;139;215;171;141;171
ts63;483;539;471;328;477;237;235;256;197;170;157;124
ts64;236;319;272;230;281;153;175;173;172;121;214;179
ts65;11963;10882;10064;8768;9407;9732
ts66;40294;39480;36094;37952;36616;29496;38115;38899;36289;36477;39629;38720
ts67;38684;39832;42784;40035;41685;43279
ts68;23924;22231;22334;19832;20585;21883
ts69;23924;22231;22334;19832;20585;21883
ts70;102073294.06;98338386.628;94140102.504;98506763.768;85203525.41;84660993.474
ts71;6597937.302;6541609.766;6955442.45;5178631.568;5207641.638;3630195.172
ts72;19254692.53;17820099.19;16095708.38;16988164.48;14140363.72;13058445.73
